M = BEADCAFE0A459067
K = FADEDDECAF052622

step 1
11111010 11011110 11011101 11101100 10101111 00000101 00100110 00100010

Step 2 56 bits pc1
0001111 1000011 1111011 0010000 1101001 1011111 1000011 1110111

C0
0001111 1000011 1111011 0010000

D0
1101001 1011111 1000011 1110111

C1
001111 1000011 1111011 00100000

D1
101001 1011111 1000011 11101111

C2
0111110000111111011001000000

D2
0100110111111000011111011111

C3
1111000011111101100100000001

D3
0011011111100001111101111101

C4
1100001111110110010000000111

D4
1101111110000111110111110100

C5
0000111111011001000000011111
D5
0111111000011111011111010011

C6
0011111101100100000001111100
D6
1111100001111101111101001101

C7
1111110110010000000111110000
D7
1110000111110111110100110111

C8
1111011001000000011111000011
D8
1000011111011111010011011111

C9
1110110010000000111110000111
D9
0000111110111110100110111111

C10
1011001000000011111000011111
D10
0011111011111010011011111100

C11
1100100000001111100001111110
D11
1111101111101001101111110000

C12
0010000000111110000111111011
D12
1110111110100110111111000011

C13
1000000011111000011111101100
D13
1011111010011011111100001111

C14
0000001111100001111110110010
D14
1111101001101111110000111110

C15
0000111110000111111011001000
D15
1110100110111111000011111011

C16
0001111100001111110110010000
D16
1101001101111110000111110111

step 3 48 bits pc2
K1
110001 101100 111100 110110 101111 011001 011111 011010

K2
101001 101100 011100 100011 110111 110011 011111 101100

K3
111010 110001 001100 100111 011110 001101 101111 101101

K4
101010 011001 001011 011001 010100 101111 110010 111111

K5
000101 010101 001011 111010 111011 110011 110110 111001

K6
101101 100101 100111 010000 101010 110111 101101 111011

K7
000111 100110 101101 000101 011101 111101 101100 110110

K8
000010 110111 010100 011101 110101 010000 110111 111110

K9
010011 110110 010010 001101 110101 011111 011111 010100

K10
010110 111000 010110 111000 111110 011010 011011 101001

K11
110111 001000 100010 101011 111110 101111 111000 001111

K12
101100 111010 101000 001110 001111 100111 011110 111110

K13
001010 000011 111010 000110 101111 010111 100111 100011

14
011100 000011 110001 111100 111001 101110 101001 110011

K15
110001 001110 010001 110000 111101 111010 111101 011110

K16
110101 001110 000101 110110 110001 111001 011100 011111